PRICE
50,000
171000
90,000
49000
25000
101000
185000
27000
35000
25000
67000
24000
66000
46000
240000
30000
6000
104000
49000
42000
19000
58000
103000
39000
25000
65000
83000
70000
37000
138,499
102,999
43,999
30,999
159,999
99,484
49,999
24,299
24,999.00
22,799
39,999
20,999
9,500
64,999
19,956
48,999
29,999
41,999
34,999
176,500
138499.00
29,799
21,999
24,999
69,999
339,999
219,999
54,999
233,000
184,999
130,600
18,999
115,000
49,999
51,999
25,999
55,999
84,999
26,999
189,999
30,999
24,999
23,500
48,500
61,999
48,999
73,899
24,999
122,499
19,556
114,800
33,999
130,300
33,999
114,800
25,999
19,956
299,999
45,999
37,999
50,999
61,400
899,999
14,390
22,899
38,899
22,099
45,999
28,999
26,999
112,800
13,300
139,999
28,999
58,999
70,000
5,599
299999
16,999
16,999
43,499
4,224
22,500
62,999
39,999
29,999
13,999
113,999
114,999
16,900
80,000
89,999
67,999
194,999
67,999
42,999
89,999
40,999
19,999
31,999
12,450
39,999
39,990
25,999
19,999
111,999
26,500
30,526
89,999
46,999
49,999
47,500
10,700
39,999
18,900
30,999
15,999
43,999
26,999
118,999
64,999
89,999
26,999
6,999
42,199
33,999
24,999
50,999
24,999
269,999
139,999
113,999
43,999
10,250
64,999
15,999
16,000
49,000
33,999
24,999
18,900
24,999
40,999
26,999
42,499
164,999
67,849
28,799
218,100
19,990
18,999
8,453
24,999
39,999
124,999
36,751
93,708
12,499
18,990
38,000
16,699
57,499
22,500
22,999
13,500
39,999
53,399
28,500
11,490
4,500
57,500
6,999
38,500
69,990
10,700
139,999
86,999
37,999
40,999
299,999
118,999
15,999
20,649
3,200
33,899
169,999
170,999
17,599
41,499
215,999
9,700
19,899
139,999
39,999
35,000
29,999
16,999
139,999
22,799
16,999
139,999
22,799
5,500
32,000
48,500
35,000
27,499
8,500
21,300
69,999
16,900
32,999
160,000
12,382
61,191
79,999
38,999
48,900
60,000
4,500
3,200
75,000
219,999
142,999
75,000
219,999
28,999
21,999
22,799
194,999
71,999
24,149
14,749
118,999
1,599
194,999
1,900
69,686
3,499
46,499
2,200
42,999
23,999
19,799
3,499
2,200
267,999
139,999
49,999
23,200
13,000
25,000
65,999
7,799
48,999
5,000
16,800
59,399
2,200
43,999
214,000
19,360
18,999
19,600
50,999
43,599
44,900
43,499
2,200
89,999
10,170
1,770
48,999
2,300
1,300
13,999
64,050
39,499
2,108
297,830
6,200
69,500
15,100
28,999
56,249
27,800
57,999
124,99
144,999
45,999
16,400
46,499
9,699
33,999
3,518
2,108
7,568
7,568.00
43,499
80,999
37,999
76,500
80,999
189,999
16,990
15,490
16,500
34,500
48,300
2,660
58,999
3,786
49990
35,000
31,200
169,999
105,499
                                                  16,900 
5,099
39999
42,999
34,500
12,499
7,570
299,999
139,999
45,150
1,767
11,499
299,999
129,999
77199
56,999
1,669
28,000
190,579
14,499
84,999
97,000
259,999
5,849
18,999
299,999
34,664
29,999.00
143,999
9,699
49,000
115,999
34,500
102,999.00
89,999
50,999
5,900
113,999
37,800
97,000
93,300
170,999
10,170
64,050
34,700
102,999
129,999
119,999
27,300
37,500
69,999
15,490
13,600
22,999
34,500
21,499
48,999
209,999
55,900
28,000
35,000
41,999
7,999
3,499.00
9,500.00
144,999
65,499
20,639
109,999.00
139,999
40,999
11,920
23,000
19,990.00
25,999
46,000
111,999
35,700
170,999
5,278
18,999
84,999
16,900
18,168
13,999
16,500
5,249
3,168
53,399
26,999
8,798
11,499
109,999
18,531
4,400
52,900
259,999
16,900
55,900
199,999
144,900
41,999
289,999
289,999
68,999
52,900
102,999
5,280
169,999
8,800
176,499
17,499
252,199
124,999
199,999
11,999
39,999
65,999
16,999
59,999
11,000
29,999
28,999
193,424
18,999
21,663
79,999
19,990
26,400
124,999
25,000
189,999
15,100
204,999
199,999
48,999
45,999
47,999
34,500
124,999
49,999
12,799
250,000
97,990
69,999
25,000
39,990
194,999
256,999.00
43,499
195,499
194,999
65,499
2,608
3,344
18,149
10,560
139,999
43,499
39,999
25,000
2,797
76,161
82,999
34,250
28,271
15,999
26,999
7,515
16,000
228,499
14,500
254,199
76,500
254,999
24,200
254,999
18,599
22,999
85,000
7,150
34,500
44,100
219,999
24,999
20,000
5,278
14,499
219,999
15,700
250,000
11,490
57,999
139,999
57,999
41,999
46,999
50,999
50,999
13,999
13,199
153,000
234,499
29,999
18,999
49,999
9,100
57,999
12320
63,691
27,300
26,499
84,999
18,500
19,290
3,520
12320
18,999
144,999
12,602
182,400
16,999
13,999
184,999
81,999
29,999
69,999
81,249
97,000
30,999
39,999
18,900
87,824
9,700
48,999
48,999
32,999
11,999
9,700
74,990
233,299
14,000
34,000
194,999
10,999
102,999
74,990
27,999
34,999
25,899
41,500
16,900
15,999
53400
32000
105500
144900
8000
25000
70000
46500
8000
54000
65000
46500
121000
500
134000
46000
56000
39000
7800
10900
66000
51000
23000
20000
33800
28000
42000
1800
30000
7800
9000
30000
1500
26000
40000
30000
6000
249000
40000
130000
34000
296000
49000
43000
21000
171000
7700
17000
29000
42000
140000
28000
5900
20000
49000
3000
190000
38000
39000
7800
60000
1200
42000
18000
1400
24000
106000
142000
10000
14000
1500
1100
10250
16000
130000
3000
28000
118000
1900
46000
42000
46500
21500
30000
189000
2500
8500
80000
6000
19000
55900
54000
48000
2300
300000
6000
32000
23120
21100
238600
62000
256000
97900
135000
10000
7400
69500
140000
16500
58000
22000
21400
30500
141000
65000
42000
21200
160000
1000
48000
25000
19000
1500
29000
20000
12000
27000
155000
2500
28000
30000
101000
96000
27000
75000
135000
3300
91000
53400
231000
15000
40000
7500
2700
32000
74000
2700
7000
24000
21500
35000
62000
4500
3600
21300
55900
38900
147900
51000
73000
164000
157000
16000
31000
44000
247000
24000
47000
23000
26500
53000
140000
145700
286000
74000
8500
19000
32000
55900
41000
4400
22000
66000
24000
70000
50000
47000
35000
26000
3000
2100
240000
180000
21000
175000
50000
6900
7100
3500
42000
7900
17000
44000
299000
19000
51000
15000
101000
3300
2400
20000
10000
250000
6700
59000
17700
7900
122000
2900
3300
64260
24000
26000
140000
4450
14750
54000
46000
7500
201000
39600
50000
187000
56100
2600
46000
5000
65000
47000
50000
37000
100000
7800
13000
52000
9000
11000
13000
5550
5620
16000
62000
13000
26000
48000
25000
33000
270000
37000
40000
14000
32000
48900
53000
48900
140000
122500
65500
13000
60000
4500
11500
26000
13600
51250
1500
12580
8890
2900
54000
65000
3500
26500
57500
19000
41000
69000
65500
2600
3100
20000
101000
140000
85000
4100
186000
17700
39000
144000
3500
229000
255000
2600
201000
5500
290000
6500
7900
7570
19000
57000
238600
11000
19000
54000
83500
33000
16000
18000
3200
21500
205000
35000
12000
13000
6500
23000
10000
42000
180000
5550
17000
7500
1300
50000
49000
55700
211200
305000
34500
254000
60000
41000
16900
189000
205000
7500
200000
189000
3200
165000
189000
31000
220000
249000
51000
19850
19850
11000
205000
17000
220000
22000
46000
170000
36000
213000
43000
205000
189000
61400
3600
17000
60000
24000
2600
3000
11000
6500
1200
10000
47000
42000
1600
3600
18200
189000
3600
39000
47000
26000
13000
12000
47000
27000
50000
10000
27000
52000
33000
